step-through
3 3 3 1 1 1 1 3 1 1 1 1 3 1 1 1 1 3 1 1 1 1
3 3 3 1 1 1 1 3 1 1 1 1 3 1 1 1 1 3 1 1 1 1
3 3 3 1 1 1 1 3 1 1 1 1 3 1 1 1 1 3 1 1 1 1
3 3 3 1 1 1 1 3 1 1 1 1 3 1 1 1 1 3 1 1 1 1
|
\/
3 3 3 1 1 1 1 3 1 1 1 1 3 1 1 1 1 3 1 1 1 1
|   |          |
\/  \/         \/
3   1 1 1 1 3  1
    |   |
    \/  \/
    1   3

I want
3 3 3 1 1 1 1 3 1 1 1 1 3 1 1 1 1 3 1 1 1 1
3 3 3 1 1 1 1 3 1 1 1 1 3 1 1 1 1 3 1 1 1 1
3 3 3 1 1 1 1 3 1 1 1 1 3 1 1 1 1 3 1 1 1 1
3 3 3 1 1 1 1 3 1 1 1 1 3 1 1 1 1 3 1 1 1 1
|
\/
3 3 3 1 1 1 1 3 1 1 1 1 3 1 1 1 1 3 1 1 1 1
|   |
\/  \/
3   3 1 1 1 1
    |   |
    \/  \/
    3   1